96
Equal
0,100,200,300,400,500,600,700,800,900,1000,1100
Meantone
0,76,193,310,386,503,579,697,773,890,1007,1083
Pythagorean
0,114,204,294,408,498,612,702,816,906,996,1110
Kepler I
0,92,204,316,386,498,590,702,794,906,1018,1110
Kepler II
0,92,204,316,386,498,590,702,814,906,1018,1110
Werckmeister III
0,90,192,294,390,498,588,696,792,888,996,1092
Werckmeister IV
0,82,196,294,392,498,588,694,784,890,1004,1086
Werckmeister V
0,96,204,300,396,504,600,702,792,900,1002,1098
Werckmeister VI
0,90,187,297,394,498,595,699,792,892,999,1096
Kirnberger I
0,90,187,297,394,498,595,699,792,892,999,1096
Kirnberger II
0,90,204,294,386,498,590,702,792,895,996,1088
Kirnberger III
0,90,193,294,386,498,590,697,792,890,996,1088
Bendeler I
0,90,188,294,392,498,588,694,792,890,996,1094
Bendeler II
0,90,196,294,392,498,596,694,792,890,996,1094
Bendeler III
0,96,192,294,396,498,594,696,798,894,996,1094
Neidhart I
0,94,196,296,392,498,592,698,796,894,996,1092
Neidhart II
0,94,196,298,394,500,596,698,796,894,1000,1096
Neidhart III
0,96,196,298,394,498,596,698,796,894,998,1096
Neidhart V
0,102,204,298,400,502,604,698,800,902,1004,1098
Neidhart VII
0,96,198,300,396,498,600,696,798,900,996,1098
Neidhart VIII
0,100,200,298,402,502,600,700,800,898,1002,1102
Neidhart IX
0,100,196,300,400,496,600,700,796,900,1000,1096
Neidhart X
0,94,194,298,400,494,596,696,800,892,996,1098
Neidhart XI
0,96,196,298,394,500,596,698,796,894,1000,1096
Neidhart XII
0,98,196,300,400,498,596,700,800,898,996,1100
Neidhart XIII
0,94,198,298,392,498,596,696,796,894,996,1094
Neidhart XIV
0,96,198,296,394,500,598,700,800,894,996,1098
Neidhart XV
0,100,198,300,396,498,600,700,798,900,996,1098
Neidhart XVI
0,94,198,296,390,498,592,700,794,894,998,1092
Neidhart XVII
0,96,196,298,394,500,596,698,796,894,1000,1096
Neidhart XVIII
0,96,196,296,394,500,598,698,796,896,1002,1092
Neidhart XIX
0,96,196,296,396,498,596,698,796,894,1000,1094
Neidhart XX
0,100,200,300,398,502,598,700,800,900,1000,1098
Neidhart XXI
0,90,194,294,386,496,590,698,792,890,994,1088
Neidhart XXII
0,92,196,296,388,498,592,698,794,892,996,1090
Sorge I
0,90,187,297,394,498,595,699,792,892,999,1096
Sorge II
0,90,187,297,394,498,595,699,792,892,999,1096
Marpurg A
0,102,200,300,402,500,602,700,802,902,1000,1102
Marpurg B
0,98,198,298,400,500,600,698,798,898,1000,1100
Marpurg C
0,98,200,300,400,498,600,700,800,898,1000,1100
Marpurg D
0,98,198,300,398,498,600,698,798,900,998,1098
Marpurg E
0,100,202,302,402,502,602,700,800,900,1000,1100
Marpurg F
0,102,200,302,400,502,600,702,800,902,1000,1102
Marpurg G
0,100,199,299,398,498,602,702,802,901,1001,1100
Marpurg H
0,96,198,300,396,498,600,696,798,900,996,1098
Marpurg I
0,106,204,302,400,502,604,702,800,906,1004,1102
Marpurg 1
0,71,204,316,386,498,590,702,773,884,1018,1088
Marpurg 3
0,71,204,316,386,498,590,702,773,906,996,1088
Marpurg 4
0,71,182,316,386,498,569,702,773,884,1018,1088
von Wiese I
0,102,204,306,408,498,600,702,804,906,1008,1110
von Wiese II
0,102,204,306,396,498,600,702,804,894,1008,1098
von Wiese III
0,90,192,294,396,498,588,702,792,894,996,1098
von Wiese IV
0,90,204,294,408,498,600,702,792,906,996,1110
von Wiese V
0,90,204,294,386,498,590,702,792,895,996,1088
von Wiese VI
0,102,204,306,408,498,600,702,804,906,996,1110
von Wiese VII
0,90,192,294,396,498,588,690,792,894,996,1086
Dowland
0,108,204,284,388,498,597,702,810,906,986,1090
Malcolm I
0,112,204,316,386,498,590,702,814,884,996,1088
Malcolm II
0,105,204,298,386,498,603,702,796,884,989,1088
Young I
0,94,196,298,392,500,592,698,796,894,1000,1092
Young II
0,90,196,294,392,498,588,698,792,894,996,1090
Stanhope
0,91,197,295,386,498,589,702,793,892,996,1088
Herschel I
0,91,204,295,386,498,589,702,793,884,997,1087
Herschel II
0,90,182,294,386,498,589,702,792,884,996,1088
Fogliano I
0,71,182,316,386,498,569,702,773,884,996,1088
Fogliano II
0,71,204,316,386,498,569,702,773,884,1018,1088
Fogliano III
0,71,193,316,386,498,569,702,773,884,1007,1088
Ganassi
0,89,182,281,386,498,597,702,791,884,983,1088
Colonna I
0,71,182,287,386,498,569,702,734,884,989,1088
Colonna II
0,71,204,316,386,498,583,702,814,884,1018,1049
Ricatti
0,91,196,302,393,502,591,698,791,894,1002,1091
Martini
0,97,193,290,386,503,600,697,793,890,986,1083
Vallotti
0,94,196,298,392,502,592,698,796,894,1000,1090
Barca
0,96,197,298,393,502,594,698,798,895,1000,1092
Schiassi
0,92,204,296,386,498,590,702,794,884,996,1088
Sievers
0,90,195,294,389,498,588,697,792,892,996,1086
Ramos de Pareja
0,92,182,294,386,498,590,702,792,884,996,1088
Bermudo
0,103,200,294,401,498,601,702,792,899,996,1099
Varella
0,81,204,305,386,498,585,702,793,884,1001,1088
Arnault de Zwolle
0,90,204,294,408,498,588,702,792,906,996,1110
Salomon de Caus
0,71,182,275,386,498,569,702,773,884,996,1088
Mersenne
0,71,204,275,386,498,569,702,773,884,996,1088
Sauveur
0,71,204,316,386,498,590,702,814,884,1018,1088
Vincent
0,76,193,281,386,494,579,697,773,890,987,1083
Rameau I
0,76,193,283,386,496,579,697,774,890,991,1083
Rameau II
0,90,193,303,386,503,581,697,798,890,1007,1083
Montvallon
0,92,204,316,386,498,590,702,794,884,996,1088
Gallimard I
0,84,193,297,386,503,582,697,789,890,1007,1083
Gallimard II
0,81,193,293,386,503,581,697,784,890,1007,1083
DAlembert
0,87,193,291,386,500,587,697,787,890,995,1086
Corrette
0,76,193,289,386,503,579,697,783,890,996,1083
Romieu
0,87,196,306,393,502,589,698,785,894,1004,1091
Bethisy
0,76,193,289,386,503,579,697,783,890,996,1083
Rousseau
0,71,204,316,386,498,569,702,814,884,1018,1088
Dom Bedos
0,71,182,316,386,498,569,702,773,884,1018,1088
Mercadier
0,76,193,286,386,498,579,697,775,890,993,1083